255							      |	2
255							      |	2
255							      |	2
255							      |	2
255							      |	2
255							      |	2
255							      |	2
255							      |	2
255							      |	2
255							      |	2
255							      |	2
255							      |	2
255							      |	2
255							      |	2
255							      |	2
255							      |	2
255							      |	2
255							      |	2
253							      |	2
254							      |	2
255							      |	2
255							      |	2
255							      |	2
245							      |	2
234							      |	2
214							      |	2
202							      |	2
190							      |	1
182							      |	1
172							      |	1
170							      |	1
170							      |	1
172							      |	1
181							      |	1
189							      |	1
202							      |	2
216							      |	2
237							      |	2
247							      |	2
255							      |	2
255							      |	2
255							      |	2
253							      |	2
254							      |	2
255							      |	2
255							      |	2
255							      |	2
255							      |	2
255							      |	2
255							      |	2
255							      |	2
255							      |	2
255							      |	2
255							      |	2
255							      |	2
255							      |	2
255							      |	2
255							      |	2
255							      |	2
255							      |	2
255							      |	2
255							      |	2
255							      |	2
255							      |	2
255							      |	2
255							      |	2
255							      |	2
255							      |	2
255							      |	2
255							      |	2
255							      |	2
255							      |	2
255							      |	2
255							      |	2
255							      |	2
255							      |	2
255							      |	2
255							      |	2
255							      |	2
255							      |	2
254							      |	2
254							      |	2
255							      |	2
255							      |	2
245							      |	2
222							      |	2
199							      |	1
173							      |	1
155							      |	1
148							      |	1
143							      |	1
143							      |	1
143							      |	1
143							      |	1
143							      |	1
143							      |	1
143							      |	1
143							      |	1
143							      |	1
143							      |	1
148							      |	1
156							      |	1
176							      |	1
203							      |	2
226							      |	2
248							      |	2
255							      |	2
255							      |	2
253							      |	2
254							      |	2
255							      |	2
255							      |	2
255							      |	2
255							      |	2
255							      |	2
255							      |	2
255							      |	2
255							      |	2
255							      |	2
255							      |	2
255							      |	2
255							      |	2
255							      |	2
255							      |	2
255							      |	2
255							      |	2
255							      |	2
255							      |	2
255							      |	2
255							      |	2
255							      |	2
255							      |	2
255							      |	2
255							      |	2
255							      |	2
255							      |	2
255							      |	2
255							      |	2
255							      |	2
255							      |	2
255							      |	2
255							      |	2
255							      |	2
254							      |	2
255							      |	2
255							      |	2
240							      |	2
209							      |	2
169							      |	1
146							      |	1
140							      |	1
142							      |	1
143							      |	1
143							      |	1
143							      |	1
143							      |	1
143							      |	1
143							      |	1
143							      |	1
143							      |	1
143							      |	1
143							      |	1
143							      |	1
143							      |	1
143							      |	1
143							      |	1
142							      |	1
141							      |	1
151							      |	1
179							      |	1
214							      |	2
245							      |	2
255							      |	2
255							      |	2
253							      |	2
255							      |	2
255							      |	2
255							      |	2
255							      |	2
255							      |	2
255							      |	2
255							      |	2
255							      |	2
255							      |	2
255							      |	2
255							      |	2
255							      |	2
255							      |	2
255							      |	2
255							      |	2
255							      |	2
255							      |	2
255							      |	2
255							      |	2
255							      |	2
255							      |	2
255							      |	2
255							      |	2
255							      |	2
255							      |	2
255							      |	2
255							      |	2
255							      |	2
255							      |	2
255							      |	2
255							      |	2
253							      |	2
255							      |	2
249							      |	2
216							      |	2
165							      |	1
140							      |	1
142							      |	1
142							      |	1
142							      |	1
143							      |	1
144							      |	1
144							      |	1
144							      |	1
144							      |	1
143							      |	1
143							      |	1
143							      |	1
143							      |	1
143							      |	1
143							      |	1
143							      |	1
143							      |	1
143							      |	1
143							      |	1
144							      |	1
144							      |	1
143							      |	1
141							      |	1
140							      |	1
171							      |	1
221							      |	2
250							      |	2
255							      |	2
253							      |	2
255							      |	2
255							      |	2
255							      |	2
255							      |	2
255							      |	2
255							      |	2
255							      |	2
255							      |	2
255							      |	2
255							      |	2
255							      |	2
255							      |	2
255							      |	2
255							      |	2
255							      |	2
255							      |	2
255							      |	2
255							      |	2
255							      |	2
255							      |	2
255							      |	2
255							      |	2
255							      |	2
255							      |	2
255							      |	2
255							      |	2
255							      |	2
255							      |	2
255							      |	2
254							      |	2
255							      |	2
239							      |	2
186							      |	1
137							      |	1
140							      |	1
140							      |	1
143							      |	1
145							      |	1
146							      |	1
145							      |	1
140							      |	1
140							      |	1
141							      |	1
143							      |	1
143							      |	1
144							      |	1
143							      |	1
143							      |	1
143							      |	1
143							      |	1
143							      |	1
143							      |	1
143							      |	1
143							      |	1
143							      |	1
143							      |	1
143							      |	1
144							      |	1
143							      |	1
142							      |	1
142							      |	1
190							      |	1
238							      |	2
255							      |	2
253							      |	2
254							      |	2
255							      |	2
255							      |	2
255							      |	2
255							      |	2
255							      |	2
255							      |	2
255							      |	2
255							      |	2
255							      |	2
255							      |	2
255							      |	2
255							      |	2
255							      |	2
255							      |	2
255							      |	2
255							      |	2
255							      |	2
255							      |	2
255							      |	2
255							      |	2
255							      |	2
255							      |	2
255							      |	2
255							      |	2
255							      |	2
255							      |	2
255							      |	2
254							      |	2
225							      |	2
164							      |	1
149							      |	1
173							      |	1
193							      |	1
208							      |	2
211							      |	2
212							      |	2
215							      |	2
208							      |	2
209							      |	2
197							      |	1
177							      |	1
156							      |	1
141							      |	1
142							      |	1
143							      |	1
143							      |	1
143							      |	1
143							      |	1
143							      |	1
143							      |	1
143							      |	1
143							      |	1
143							      |	1
143							      |	1
143							      |	1
143							      |	1
143							      |	1
144							      |	1
143							      |	1
141							      |	1
163							      |	1
227							      |	2
255							      |	2
254							      |	2
255							      |	2
255							      |	2
255							      |	2
255							      |	2
255							      |	2
255							      |	2
255							      |	2
255							      |	2
255							      |	2
255							      |	2
255							      |	2
255							      |	2
255							      |	2
255							      |	2
255							      |	2
255							      |	2
255							      |	2
255							      |	2
255							      |	2
255							      |	2
255							      |	2
255							      |	2
255							      |	2
255							      |	2
255							      |	2
254							      |	2
255							      |	2
244							      |	2
208							      |	2
202							      |	2
232							      |	2
246							      |	2
253							      |	2
255							      |	2
255							      |	2
255							      |	2
255							      |	2
255							      |	2
255							      |	2
253							      |	2
246							      |	2
233							      |	2
209							      |	2
173							      |	1
142							      |	1
143							      |	1
143							      |	1
143							      |	1
143							      |	1
143							      |	1
143							      |	1
143							      |	1
143							      |	1
143							      |	1
143							      |	1
143							      |	1
143							      |	1
143							      |	1
143							      |	1
144							      |	1
143							      |	1
149							      |	1
217							      |	2
254							      |	2
254							      |	2
254							      |	2
255							      |	2
255							      |	2
255							      |	2
255							      |	2
255							      |	2
255							      |	2
255							      |	2
255							      |	2
255							      |	2
255							      |	2
255							      |	2
255							      |	2
255							      |	2
255							      |	2
255							      |	2
255							      |	2
255							      |	2
255							      |	2
255							      |	2
255							      |	2
255							      |	2
255							      |	2
255							      |	2
255							      |	2
255							      |	2
251							      |	2
246							      |	2
255							      |	2
255							      |	2
255							      |	2
253							      |	2
251							      |	2
252							      |	2
253							      |	2
255							      |	2
255							      |	2
255							      |	2
255							      |	2
255							      |	2
255							      |	2
255							      |	2
252							      |	2
215							      |	2
159							      |	1
143							      |	1
143							      |	1
143							      |	1
143							      |	1
143							      |	1
143							      |	1
143							      |	1
143							      |	1
143							      |	1
143							      |	1
143							      |	1
143							      |	1
143							      |	1
143							      |	1
144							      |	1
143							      |	1
145							      |	1
213							      |	2
255							      |	2
254							      |	2
254							      |	2
255							      |	2
255							      |	2
255							      |	2
255							      |	2
255							      |	2
255							      |	2
255							      |	2
255							      |	2
255							      |	2
255							      |	2
255							      |	2
255							      |	2
255							      |	2
255							      |	2
255							      |	2
255							      |	2
255							      |	2
255							      |	2
255							      |	2
255							      |	2
255							      |	2
255							      |	2
255							      |	2
255							      |	2
254							      |	2
255							      |	2
253							      |	2
255							      |	2
255							      |	2
255							      |	2
255							      |	2
255							      |	2
253							      |	2
249							      |	2
242							      |	2
231							      |	2
222							      |	2
217							      |	2
209							      |	2
200							      |	2
206							      |	2
213							      |	2
178							      |	1
143							      |	1
143							      |	1
143							      |	1
143							      |	1
144							      |	1
144							      |	1
144							      |	1
144							      |	1
143							      |	1
143							      |	1
143							      |	1
143							      |	1
143							      |	1
143							      |	1
143							      |	1
144							      |	1
143							      |	1
146							      |	1
221							      |	2
255							      |	2
254							      |	2
255							      |	2
255							      |	2
255							      |	2
255							      |	2
255							      |	2
255							      |	2
255							      |	2
255							      |	2
255							      |	2
255							      |	2
255							      |	2
255							      |	2
255							      |	2
255							      |	2
255							      |	2
255							      |	2
255							      |	2
255							      |	2
255							      |	2
255							      |	2
255							      |	2
254							      |	2
253							      |	2
254							      |	2
255							      |	2
255							      |	2
255							      |	2
249							      |	2
237							      |	2
222							      |	2
214							      |	2
200							      |	2
187							      |	1
169							      |	1
156							      |	1
152							      |	1
147							      |	1
146							      |	1
146							      |	1
147							      |	1
146							      |	1
143							      |	1
143							      |	1
143							      |	1
143							      |	1
143							      |	1
143							      |	1
143							      |	1
143							      |	1
143							      |	1
143							      |	1
143							      |	1
143							      |	1
143							      |	1
143							      |	1
144							      |	1
144							      |	1
143							      |	1
143							      |	1
144							      |	1
143							      |	1
155							      |	1
231							      |	2
255							      |	2
254							      |	2
255							      |	2
255							      |	2
255							      |	2
255							      |	2
255							      |	2
255							      |	2
255							      |	2
255							      |	2
255							      |	2
255							      |	2
255							      |	2
255							      |	2
255							      |	2
255							      |	2
255							      |	2
255							      |	2
255							      |	2
255							      |	2
255							      |	2
253							      |	2
255							      |	2
255							      |	2
255							      |	2
242							      |	2
222							      |	2
202							      |	2
173							      |	1
155							      |	1
146							      |	1
140							      |	1
142							      |	1
150							      |	1
160							      |	1
168							      |	1
177							      |	1
186							      |	1
196							      |	1
200							      |	2
205							      |	2
214							      |	2
215							      |	2
214							      |	2
214							      |	2
206							      |	2
200							      |	2
197							      |	1
188							      |	1
180							      |	1
171							      |	1
163							      |	1
155							      |	1
145							      |	1
143							      |	1
143							      |	1
143							      |	1
143							      |	1
143							      |	1
144							      |	1
144							      |	1
144							      |	1
142							      |	1
169							      |	1
243							      |	2
255							      |	2
254							      |	2
255							      |	2
255							      |	2
255							      |	2
255							      |	2
255							      |	2
255							      |	2
255							      |	2
255							      |	2
255							      |	2
255							      |	2
255							      |	2
255							      |	2
255							      |	2
255							      |	2
255							      |	2
255							      |	2
255							      |	2
255							      |	2
255							      |	2
252							      |	2
229							      |	2
196							      |	1
162							      |	1
143							      |	1
142							      |	1
156							      |	1
176							      |	1
198							      |	1
217							      |	2
230							      |	2
239							      |	2
249							      |	2
255							      |	2
255							      |	2
255							      |	2
255							      |	2
253							      |	2
254							      |	2
253							      |	2
248							      |	2
249							      |	2
253							      |	2
254							      |	2
252							      |	2
255							      |	2
255							      |	2
255							      |	2
255							      |	2
246							      |	2
237							      |	2
226							      |	2
212							      |	2
193							      |	1
173							      |	1
158							      |	1
145							      |	1
143							      |	1
143							      |	1
143							      |	1
145							      |	1
140							      |	1
198							      |	1
254							      |	2
254							      |	2
254							      |	2
255							      |	2
255							      |	2
255							      |	2
255							      |	2
255							      |	2
255							      |	2
255							      |	2
255							      |	2
255							      |	2
255							      |	2
255							      |	2
255							      |	2
255							      |	2
255							      |	2
255							      |	2
254							      |	2
254							      |	2
230							      |	2
185							      |	1
144							      |	1
141							      |	1
166							      |	1
201							      |	2
227							      |	2
248							      |	2
255							      |	2
250							      |	2
246							      |	2
238							      |	2
223							      |	2
208							      |	2
197							      |	1
190							      |	1
186							      |	1
180							      |	1
176							      |	1
177							      |	1
173							      |	1
160							      |	1
161							      |	1
172							      |	1
177							      |	1
176							      |	1
181							      |	1
188							      |	1
195							      |	1
204							      |	2
215							      |	2
230							      |	2
242							      |	2
248							      |	2
253							      |	2
255							      |	2
241							      |	2
222							      |	2
197							      |	1
167							      |	1
147							      |	1
143							      |	1
143							      |	1
150							      |	1
228							      |	2
255							      |	2
253							      |	2
255							      |	2
255							      |	2
255							      |	2
255							      |	2
255							      |	2
255							      |	2
255							      |	2
255							      |	2
255							      |	2
255							      |	2
255							      |	2
255							      |	2
255							      |	2
255							      |	2
254							      |	2
255							      |	2
225							      |	2
145							      |	1
145							      |	1
187							      |	1
228							      |	2
251							      |	2
250							      |	2
235							      |	2
208							      |	2
188							      |	1
174							      |	1
160							      |	1
148							      |	1
146							      |	1
168							      |	1
175							      |	1
144							      |	1
141							      |	1
140							      |	1
140							      |	1
140							      |	1
154							      |	1
196							      |	1
193							      |	1
155							      |	1
140							      |	1
140							      |	1
140							      |	1
141							      |	1
141							      |	1
142							      |	1
143							      |	1
147							      |	1
153							      |	1
166							      |	1
180							      |	1
197							      |	1
219							      |	2
240							      |	2
250							      |	2
250							      |	2
227							      |	2
192							      |	1
159							      |	1
140							      |	1
182							      |	1
250							      |	2
255							      |	2
254							      |	2
255							      |	2
255							      |	2
255							      |	2
255							      |	2
255							      |	2
255							      |	2
255							      |	2
255							      |	2
255							      |	2
255							      |	2
255							      |	2
255							      |	2
254							      |	2
255							      |	2
249							      |	2
182							      |	1
163							      |	1
228							      |	2
252							      |	2
231							      |	2
199							      |	1
168							      |	1
150							      |	1
162							      |	1
161							      |	1
140							      |	1
142							      |	1
142							      |	1
171							      |	1
229							      |	2
247							      |	2
210							      |	2
179							      |	1
191							      |	1
194							      |	1
193							      |	1
222							      |	2
255							      |	2
255							      |	2
227							      |	2
200							      |	2
201							      |	2
194							      |	1
189							      |	1
181							      |	1
165							      |	1
148							      |	1
143							      |	1
143							      |	1
143							      |	1
143							      |	1
143							      |	1
145							      |	1
153							      |	1
172							      |	1
200							      |	2
230							      |	2
251							      |	2
241							      |	2
195							      |	1
154							      |	1
223							      |	2
255							      |	2
253							      |	2
255							      |	2
255							      |	2
255							      |	2
255							      |	2
255							      |	2
255							      |	2
255							      |	2
255							      |	2
255							      |	2
255							      |	2
255							      |	2
255							      |	2
254							      |	2
255							      |	2
243							      |	2
214							      |	2
239							      |	2
250							      |	2
188							      |	1
151							      |	1
143							      |	1
143							      |	1
151							      |	1
230							      |	2
238							      |	2
197							      |	1
202							      |	2
214							      |	2
239							      |	2
255							      |	2
255							      |	2
255							      |	2
251							      |	2
253							      |	2
254							      |	2
255							      |	2
255							      |	2
254							      |	2
254							      |	2
255							      |	2
255							      |	2
255							      |	2
255							      |	2
255							      |	2
253							      |	2
245							      |	2
237							      |	2
214							      |	2
190							      |	1
161							      |	1
140							      |	1
143							      |	1
143							      |	1
143							      |	1
143							      |	1
143							      |	1
149							      |	1
178							      |	1
235							      |	2
255							      |	2
216							      |	2
230							      |	2
255							      |	2
254							      |	2
255							      |	2
255							      |	2
255							      |	2
255							      |	2
255							      |	2
255							      |	2
255							      |	2
255							      |	2
255							      |	2
255							      |	2
255							      |	2
255							      |	2
255							      |	2
255							      |	2
254							      |	2
254							      |	2
255							      |	2
235							      |	2
162							      |	1
197							      |	1
194							      |	1
191							      |	1
221							      |	2
250							      |	2
255							      |	2
255							      |	2
255							      |	2
239							      |	2
224							      |	2
224							      |	2
222							      |	2
218							      |	2
233							      |	2
254							      |	2
255							      |	2
255							      |	2
254							      |	2
255							      |	2
255							      |	2
254							      |	2
253							      |	2
253							      |	2
255							      |	2
240							      |	2
219							      |	2
223							      |	2
228							      |	2
228							      |	2
227							      |	2
235							      |	2
212							      |	2
168							      |	1
143							      |	1
143							      |	1
144							      |	1
144							      |	1
143							      |	1
140							      |	1
213							      |	2
254							      |	2
255							      |	2
254							      |	2
255							      |	2
255							      |	2
255							      |	2
255							      |	2
255							      |	2
255							      |	2
255							      |	2
255							      |	2
255							      |	2
255							      |	2
255							      |	2
255							      |	2
255							      |	2
255							      |	2
255							      |	2
255							      |	2
255							      |	2
254							      |	2
254							      |	2
252							      |	2
224							      |	2
246							      |	2
255							      |	2
255							      |	2
255							      |	2
255							      |	2
254							      |	2
254							      |	2
253							      |	2
201							      |	2
150							      |	1
153							      |	1
152							      |	1
148							      |	1
195							      |	1
253							      |	2
254							      |	2
254							      |	2
255							      |	2
255							      |	2
255							      |	2
255							      |	2
255							      |	2
253							      |	2
255							      |	2
214							      |	2
162							      |	1
154							      |	1
148							      |	1
146							      |	1
167							      |	1
243							      |	2
255							      |	2
243							      |	2
195							      |	1
149							      |	1
143							      |	1
144							      |	1
142							      |	1
166							      |	1
239							      |	2
255							      |	2
252							      |	2
255							      |	2
255							      |	2
255							      |	2
255							      |	2
255							      |	2
255							      |	2
255							      |	2
255							      |	2
255							      |	2
255							      |	2
255							      |	2
255							      |	2
255							      |	2
255							      |	2
255							      |	2
255							      |	2
255							      |	2
255							      |	2
255							      |	2
255							      |	2
255							      |	2
235							      |	2
211							      |	2
215							      |	2
216							      |	2
215							      |	2
230							      |	2
253							      |	2
254							      |	2
255							      |	2
238							      |	2
189							      |	1
146							      |	1
142							      |	1
147							      |	1
219							      |	2
255							      |	2
254							      |	2
255							      |	2
255							      |	2
255							      |	2
255							      |	2
255							      |	2
255							      |	2
255							      |	2
255							      |	2
245							      |	2
205							      |	2
152							      |	1
143							      |	1
140							      |	1
202							      |	2
253							      |	2
251							      |	2
255							      |	2
233							      |	2
153							      |	1
143							      |	1
144							      |	1
140							      |	1
181							      |	1
245							      |	2
255							      |	2
254							      |	2
255							      |	2
255							      |	2
255							      |	2
255							      |	2
255							      |	2
255							      |	2
255							      |	2
255							      |	2
255							      |	2
255							      |	2
255							      |	2
255							      |	2
255							      |	2
255							      |	2
255							      |	2
255							      |	2
255							      |	2
255							      |	2
255							      |	2
254							      |	2
255							      |	2
207							      |	2
153							      |	1
147							      |	1
144							      |	1
140							      |	1
183							      |	1
251							      |	2
254							      |	2
255							      |	2
244							      |	2
179							      |	1
140							      |	1
142							      |	1
153							      |	1
229							      |	2
255							      |	2
253							      |	2
255							      |	2
255							      |	2
255							      |	2
255							      |	2
255							      |	2
255							      |	2
255							      |	2
255							      |	2
255							      |	2
200							      |	2
140							      |	1
144							      |	1
145							      |	1
207							      |	2
255							      |	2
251							      |	2
254							      |	2
223							      |	2
161							      |	1
150							      |	1
143							      |	1
140							      |	1
177							      |	1
242							      |	2
255							      |	2
254							      |	2
255							      |	2
255							      |	2
255							      |	2
255							      |	2
255							      |	2
255							      |	2
255							      |	2
255							      |	2
255							      |	2
255							      |	2
255							      |	2
255							      |	2
255							      |	2
255							      |	2
255							      |	2
255							      |	2
255							      |	2
255							      |	2
255							      |	2
254							      |	2
255							      |	2
245							      |	2
194							      |	1
147							      |	1
142							      |	1
146							      |	1
225							      |	2
255							      |	2
252							      |	2
255							      |	2
238							      |	2
174							      |	1
140							      |	1
142							      |	1
152							      |	1
227							      |	2
255							      |	2
253							      |	2
255							      |	2
255							      |	2
255							      |	2
255							      |	2
255							      |	2
255							      |	2
254							      |	2
255							      |	2
253							      |	2
194							      |	1
140							      |	1
143							      |	1
145							      |	1
204							      |	2
255							      |	2
252							      |	2
255							      |	2
251							      |	2
215							      |	2
153							      |	1
142							      |	1
142							      |	1
204							      |	2
255							      |	2
254							      |	2
255							      |	2
255							      |	2
255							      |	2
255							      |	2
255							      |	2
255							      |	2
255							      |	2
255							      |	2
255							      |	2
255							      |	2
255							      |	2
255							      |	2
255							      |	2
255							      |	2
255							      |	2
255							      |	2
255							      |	2
255							      |	2
255							      |	2
255							      |	2
254							      |	2
255							      |	2
245							      |	2
170							      |	1
142							      |	1
142							      |	1
150							      |	1
232							      |	2
255							      |	2
252							      |	2
255							      |	2
239							      |	2
175							      |	1
140							      |	1
142							      |	1
152							      |	1
227							      |	2
255							      |	2
253							      |	2
255							      |	2
255							      |	2
255							      |	2
255							      |	2
255							      |	2
255							      |	2
254							      |	2
255							      |	2
254							      |	2
195							      |	1
140							      |	1
143							      |	1
145							      |	1
204							      |	2
255							      |	2
252							      |	2
254							      |	2
255							      |	2
195							      |	1
140							      |	1
143							      |	1
145							      |	1
201							      |	2
255							      |	2
253							      |	2
255							      |	2
255							      |	2
255							      |	2
255							      |	2
255							      |	2
255							      |	2
255							      |	2
255							      |	2
255							      |	2
255							      |	2
255							      |	2
255							      |	2
255							      |	2
255							      |	2
255							      |	2
255							      |	2
255							      |	2
255							      |	2
255							      |	2
255							      |	2
254							      |	2
255							      |	2
243							      |	2
167							      |	1
142							      |	1
142							      |	1
150							      |	1
230							      |	2
255							      |	2
252							      |	2
255							      |	2
239							      |	2
175							      |	1
140							      |	1
142							      |	1
152							      |	1
227							      |	2
255							      |	2
253							      |	2
255							      |	2
255							      |	2
255							      |	2
255							      |	2
255							      |	2
255							      |	2
254							      |	2
255							      |	2
254							      |	2
195							      |	1
140							      |	1
143							      |	1
145							      |	1
204							      |	2
255							      |	2
252							      |	2
254							      |	2
255							      |	2
195							      |	1
140							      |	1
143							      |	1
145							      |	1
202							      |	2
255							      |	2
253							      |	2
255							      |	2
255							      |	2
255							      |	2
255							      |	2
255							      |	2
255							      |	2
255							      |	2
255							      |	2
255							      |	2
255							      |	2
255							      |	2
255							      |	2
255							      |	2
255							      |	2
255							      |	2
255							      |	2
255							      |	2
255							      |	2
255							      |	2
255							      |	2
254							      |	2
255							      |	2
243							      |	2
168							      |	1
142							      |	1
142							      |	1
150							      |	1
231							      |	2
255							      |	2
252							      |	2
255							      |	2
239							      |	2
175							      |	1
140							      |	1
142							      |	1
152							      |	1
227							      |	2
255							      |	2
253							      |	2
255							      |	2
255							      |	2
255							      |	2
255							      |	2
255							      |	2
255							      |	2
254							      |	2
255							      |	2
254							      |	2
195							      |	1
140							      |	1
143							      |	1
145							      |	1
204							      |	2
255							      |	2
252							      |	2
254							      |	2
255							      |	2
195							      |	1
140							      |	1
143							      |	1
145							      |	1
202							      |	2
255							      |	2
253							      |	2
255							      |	2
255							      |	2
255							      |	2
255							      |	2
255							      |	2
255							      |	2
255							      |	2
255							      |	2
255							      |	2
255							      |	2
255							      |	2
255							      |	2
255							      |	2
255							      |	2
255							      |	2
255							      |	2
255							      |	2
255							      |	2
255							      |	2
255							      |	2
254							      |	2
255							      |	2
243							      |	2
168							      |	1
142							      |	1
142							      |	1
150							      |	1
231							      |	2
255							      |	2
252							      |	2
255							      |	2
239							      |	2
175							      |	1
140							      |	1
142							      |	1
152							      |	1
227							      |	2
255							      |	2
253							      |	2
255							      |	2
255							      |	2
255							      |	2
255							      |	2
255							      |	2
255							      |	2
254							      |	2
255							      |	2
254							      |	2
195							      |	1
140							      |	1
143							      |	1
145							      |	1
204							      |	2
255							      |	2
252							      |	2
254							      |	2
255							      |	2
195							      |	1
140							      |	1
143							      |	1
145							      |	1
202							      |	2
255							      |	2
253							      |	2
255							      |	2
255							      |	2
255							      |	2
255							      |	2
255							      |	2
255							      |	2
255							      |	2
255							      |	2
255							      |	2
255							      |	2
255							      |	2
255							      |	2
255							      |	2
255							      |	2
255							      |	2
255							      |	2
255							      |	2
255							      |	2
255							      |	2
255							      |	2
254							      |	2
255							      |	2
243							      |	2
168							      |	1
142							      |	1
142							      |	1
150							      |	1
231							      |	2
255							      |	2
252							      |	2
255							      |	2
239							      |	2
175							      |	1
140							      |	1
142							      |	1
152							      |	1
227							      |	2
255							      |	2
253							      |	2
255							      |	2
255							      |	2
255							      |	2
255							      |	2
255							      |	2
255							      |	2
254							      |	2
255							      |	2
254							      |	2
195							      |	1
140							      |	1
143							      |	1
145							      |	1
204							      |	2
255							      |	2
252							      |	2
254							      |	2
255							      |	2
195							      |	1
140							      |	1
143							      |	1
145							      |	1
202							      |	2
255							      |	2
253							      |	2
255							      |	2
255							      |	2
255							      |	2
255							      |	2
255							      |	2
255							      |	2
255							      |	2
255							      |	2
255							      |	2
255							      |	2
255							      |	2
255							      |	2
255							      |	2
255							      |	2
255							      |	2
255							      |	2
255							      |	2
255							      |	2
255							      |	2
255							      |	2
254							      |	2
255							      |	2
243							      |	2
168							      |	1
142							      |	1
142							      |	1
150							      |	1
231							      |	2
255							      |	2
252							      |	2
255							      |	2
239							      |	2
175							      |	1
140							      |	1
142							      |	1
152							      |	1
227							      |	2
255							      |	2
253							      |	2
255							      |	2
255							      |	2
255							      |	2
255							      |	2
255							      |	2
255							      |	2
254							      |	2
255							      |	2
254							      |	2
195							      |	1
140							      |	1
143							      |	1
145							      |	1
204							      |	2
255							      |	2
252							      |	2
254							      |	2
255							      |	2
195							      |	1
140							      |	1
143							      |	1
145							      |	1
202							      |	2
255							      |	2
253							      |	2
255							      |	2
255							      |	2
255							      |	2
255							      |	2
255							      |	2
255							      |	2
255							      |	2
255							      |	2
255							      |	2
255							      |	2
255							      |	2
255							      |	2
255							      |	2
255							      |	2
255							      |	2
255							      |	2
255							      |	2
255							      |	2
255							      |	2
255							      |	2
254							      |	2
255							      |	2
243							      |	2
168							      |	1
142							      |	1
142							      |	1
150							      |	1
231							      |	2
255							      |	2
252							      |	2
255							      |	2
239							      |	2
175							      |	1
140							      |	1
142							      |	1
152							      |	1
227							      |	2
255							      |	2
253							      |	2
255							      |	2
255							      |	2
255							      |	2
255							      |	2
255							      |	2
255							      |	2
254							      |	2
255							      |	2
254							      |	2
195							      |	1
140							      |	1
143							      |	1
145							      |	1
204							      |	2
255							      |	2
252							      |	2
254							      |	2
255							      |	2
195							      |	1
140							      |	1
143							      |	1
145							      |	1
202							      |	2
255							      |	2
253							      |	2
255							      |	2
255							      |	2
255							      |	2
255							      |	2
255							      |	2
255							      |	2
255							      |	2
255							      |	2
255							      |	2
255							      |	2
255							      |	2
255							      |	2
255							      |	2
255							      |	2
255							      |	2
255							      |	2
255							      |	2
255							      |	2
255							      |	2
255							      |	2
254							      |	2
255							      |	2
243							      |	2
168							      |	1
142							      |	1
142							      |	1
150							      |	1
231							      |	2
255							      |	2
252							      |	2
255							      |	2
239							      |	2
175							      |	1
140							      |	1
142							      |	1
152							      |	1
227							      |	2
255							      |	2
253							      |	2
255							      |	2
255							      |	2
255							      |	2
255							      |	2
255							      |	2
255							      |	2
254							      |	2
255							      |	2
254							      |	2
195							      |	1
140							      |	1
143							      |	1
145							      |	1
204							      |	2
255							      |	2
252							      |	2
254							      |	2
255							      |	2
195							      |	1
140							      |	1
143							      |	1
145							      |	1
202							      |	2
255							      |	2
253							      |	2
255							      |	2
255							      |	2
255							      |	2
255							      |	2
255							      |	2
255							      |	2
255							      |	2
255							      |	2
255							      |	2
255							      |	2
255							      |	2
255							      |	2
255							      |	2
255							      |	2
255							      |	2
255							      |	2
255							      |	2
255							      |	2
255							      |	2
255							      |	2
254							      |	2
255							      |	2
243							      |	2
168							      |	1
142							      |	1
142							      |	1
150							      |	1
231							      |	2
255							      |	2
252							      |	2
255							      |	2
239							      |	2
175							      |	1
140							      |	1
142							      |	1
152							      |	1
227							      |	2
255							      |	2
253							      |	2
255							      |	2
255							      |	2
255							      |	2
255							      |	2
255							      |	2
255							      |	2
254							      |	2
255							      |	2
254							      |	2
195							      |	1
140							      |	1
143							      |	1
145							      |	1
204							      |	2
255							      |	2
252							      |	2
254							      |	2
255							      |	2
195							      |	1
140							      |	1
143							      |	1
145							      |	1
202							      |	2
255							      |	2
253							      |	2
255							      |	2
255							      |	2
255							      |	2
255							      |	2
255							      |	2
255							      |	2
255							      |	2
255							      |	2
255							      |	2
255							      |	2
255							      |	2
255							      |	2
255							      |	2
255							      |	2
255							      |	2
255							      |	2
255							      |	2
255							      |	2
255							      |	2
255							      |	2
254							      |	2
255							      |	2
243							      |	2
168							      |	1
142							      |	1
142							      |	1
150							      |	1
231							      |	2
255							      |	2
252							      |	2
255							      |	2
239							      |	2
175							      |	1
140							      |	1
142							      |	1
152							      |	1
227							      |	2
255							      |	2
253							      |	2
255							      |	2
255							      |	2
255							      |	2
255							      |	2
255							      |	2
255							      |	2
254							      |	2
255							      |	2
254							      |	2
195							      |	1
140							      |	1
143							      |	1
145							      |	1
204							      |	2
255							      |	2
252							      |	2
254							      |	2
255							      |	2
195							      |	1
140							      |	1
143							      |	1
145							      |	1
202							      |	2
255							      |	2
253							      |	2
255							      |	2
255							      |	2
255							      |	2
255							      |	2
255							      |	2
255							      |	2
255							      |	2
255							      |	2
255							      |	2
255							      |	2
255							      |	2
255							      |	2
255							      |	2
255							      |	2
255							      |	2
255							      |	2
255							      |	2
255							      |	2
255							      |	2
255							      |	2
254							      |	2
255							      |	2
243							      |	2
168							      |	1
142							      |	1
142							      |	1
150							      |	1
231							      |	2
255							      |	2
252							      |	2
255							      |	2
239							      |	2
175							      |	1
140							      |	1
142							      |	1
152							      |	1
227							      |	2
255							      |	2
253							      |	2
255							      |	2
255							      |	2
255							      |	2
255							      |	2
255							      |	2
255							      |	2
254							      |	2
255							      |	2
254							      |	2
195							      |	1
140							      |	1
143							      |	1
145							      |	1
204							      |	2
255							      |	2
252							      |	2
254							      |	2
255							      |	2
195							      |	1
140							      |	1
143							      |	1
145							      |	1
202							      |	2
255							      |	2
253							      |	2
255							      |	2
255							      |	2
255							      |	2
255							      |	2
255							      |	2
255							      |	2
255							      |	2
255							      |	2
255							      |	2
255							      |	2
255							      |	2
255							      |	2
255							      |	2
255							      |	2
255							      |	2
255							      |	2
255							      |	2
255							      |	2
255							      |	2
255							      |	2
254							      |	2
255							      |	2
243							      |	2
168							      |	1
142							      |	1
142							      |	1
150							      |	1
231							      |	2
255							      |	2
252							      |	2
255							      |	2
239							      |	2
175							      |	1
140							      |	1
142							      |	1
152							      |	1
227							      |	2
255							      |	2
253							      |	2
255							      |	2
255							      |	2
255							      |	2
255							      |	2
255							      |	2
255							      |	2
254							      |	2
255							      |	2
254							      |	2
195							      |	1
140							      |	1
143							      |	1
145							      |	1
204							      |	2
255							      |	2
252							      |	2
254							      |	2
255							      |	2
195							      |	1
140							      |	1
143							      |	1
145							      |	1
202							      |	2
255							      |	2
253							      |	2
255							      |	2
255							      |	2
255							      |	2
255							      |	2
255							      |	2
255							      |	2
255							      |	2
255							      |	2
255							      |	2
255							      |	2
255							      |	2
255							      |	2
255							      |	2
255							      |	2
255							      |	2
255							      |	2
255							      |	2
255							      |	2
255							      |	2
255							      |	2
254							      |	2
255							      |	2
243							      |	2
168							      |	1
142							      |	1
142							      |	1
150							      |	1
231							      |	2
255							      |	2
252							      |	2
255							      |	2
239							      |	2
175							      |	1
140							      |	1
142							      |	1
152							      |	1
227							      |	2
255							      |	2
253							      |	2
255							      |	2
255							      |	2
255							      |	2
255							      |	2
255							      |	2
255							      |	2
254							      |	2
255							      |	2
254							      |	2
195							      |	1
140							      |	1
143							      |	1
145							      |	1
204							      |	2
255							      |	2
252							      |	2
255							      |	2
255							      |	2
191							      |	1
140							      |	1
143							      |	1
145							      |	1
202							      |	2
255							      |	2
253							      |	2
255							      |	2
255							      |	2
255							      |	2
255							      |	2
255							      |	2
255							      |	2
255							      |	2
255							      |	2
255							      |	2
255							      |	2
255							      |	2
255							      |	2
255							      |	2
255							      |	2
255							      |	2
255							      |	2
255							      |	2
255							      |	2
255							      |	2
255							      |	2
254							      |	2
255							      |	2
243							      |	2
168							      |	1
142							      |	1
142							      |	1
150							      |	1
231							      |	2
255							      |	2
252							      |	2
255							      |	2
239							      |	2
175							      |	1
140							      |	1
142							      |	1
152							      |	1
227							      |	2
255							      |	2
253							      |	2
255							      |	2
255							      |	2
255							      |	2
255							      |	2
255							      |	2
255							      |	2
254							      |	2
255							      |	2
254							      |	2
195							      |	1
140							      |	1
143							      |	1
145							      |	1
204							      |	2
255							      |	2
252							      |	2
255							      |	2
255							      |	2
183							      |	1
140							      |	1
143							      |	1
145							      |	1
202							      |	2
255							      |	2
253							      |	2
255							      |	2
255							      |	2
255							      |	2
255							      |	2
255							      |	2
255							      |	2
255							      |	2
255							      |	2
255							      |	2
255							      |	2
255							      |	2
255							      |	2
255							      |	2
255							      |	2
255							      |	2
255							      |	2
255							      |	2
255							      |	2
255							      |	2
255							      |	2
254							      |	2
255							      |	2
243							      |	2
168							      |	1
142							      |	1
142							      |	1
150							      |	1
231							      |	2
255							      |	2
252							      |	2
255							      |	2
239							      |	2
175							      |	1
140							      |	1
142							      |	1
152							      |	1
227							      |	2
255							      |	2
253							      |	2
255							      |	2
255							      |	2
255							      |	2
255							      |	2
255							      |	2
255							      |	2
254							      |	2
255							      |	2
254							      |	2
195							      |	1
140							      |	1
143							      |	1
145							      |	1
204							      |	2
255							      |	2
252							      |	2
255							      |	2
255							      |	2
183							      |	1
140							      |	1
143							      |	1
145							      |	1
202							      |	2
255							      |	2
253							      |	2
255							      |	2
255							      |	2
255							      |	2
255							      |	2
255							      |	2
255							      |	2
255							      |	2
255							      |	2
255							      |	2
255							      |	2
255							      |	2
255							      |	2
255							      |	2
255							      |	2
255							      |	2
255							      |	2
255							      |	2
255							      |	2
255							      |	2
255							      |	2
254							      |	2
255							      |	2
243							      |	2
168							      |	1
142							      |	1
142							      |	1
150							      |	1
231							      |	2
255							      |	2
252							      |	2
255							      |	2
239							      |	2
175							      |	1
140							      |	1
142							      |	1
152							      |	1
227							      |	2
255							      |	2
253							      |	2
255							      |	2
255							      |	2
255							      |	2
255							      |	2
255							      |	2
255							      |	2
254							      |	2
255							      |	2
254							      |	2
195							      |	1
140							      |	1
143							      |	1
145							      |	1
204							      |	2
255							      |	2
252							      |	2
255							      |	2
255							      |	2
183							      |	1
140							      |	1
143							      |	1
145							      |	1
202							      |	2
255							      |	2
253							      |	2
255							      |	2
255							      |	2
255							      |	2
255							      |	2
255							      |	2
255							      |	2
255							      |	2
255							      |	2
255							      |	2
255							      |	2
255							      |	2
255							      |	2
255							      |	2
255							      |	2
255							      |	2
255							      |	2
255							      |	2
255							      |	2
255							      |	2
255							      |	2
254							      |	2
255							      |	2
243							      |	2
168							      |	1
142							      |	1
142							      |	1
150							      |	1
231							      |	2
255							      |	2
252							      |	2
255							      |	2
239							      |	2
175							      |	1
140							      |	1
142							      |	1
152							      |	1
227							      |	2
255							      |	2
253							      |	2
255							      |	2
254							      |	2
254							      |	2
254							      |	2
254							      |	2
255							      |	2
254							      |	2
255							      |	2
254							      |	2
195							      |	1
140							      |	1
143							      |	1
145							      |	1
204							      |	2
255							      |	2
252							      |	2
255							      |	2
255							      |	2
183							      |	1
140							      |	1
143							      |	1
145							      |	1
202							      |	2
255							      |	2
253							      |	2
255							      |	2
255							      |	2
255							      |	2
255							      |	2
255							      |	2
255							      |	2
255							      |	2
255							      |	2
255							      |	2
255							      |	2
255							      |	2
255							      |	2
255							      |	2
255							      |	2
255							      |	2
255							      |	2
255							      |	2
255							      |	2
255							      |	2
255							      |	2
254							      |	2
255							      |	2
243							      |	2
168							      |	1
142							      |	1
142							      |	1
150							      |	1
231							      |	2
255							      |	2
252							      |	2
255							      |	2
239							      |	2
175							      |	1
140							      |	1
142							      |	1
152							      |	1
227							      |	2
255							      |	2
252							      |	2
255							      |	2
255							      |	2
255							      |	2
255							      |	2
255							      |	2
255							      |	2
253							      |	2
255							      |	2
254							      |	2
195							      |	1
140							      |	1
143							      |	1
145							      |	1
204							      |	2
255							      |	2
252							      |	2
255							      |	2
255							      |	2
183							      |	1
140							      |	1
143							      |	1
145							      |	1
202							      |	2
255							      |	2
253							      |	2
255							      |	2
255							      |	2
255							      |	2
255							      |	2
255							      |	2
255							      |	2
255							      |	2
255							      |	2
255							      |	2
255							      |	2
255							      |	2
255							      |	2
255							      |	2
255							      |	2
255							      |	2
255							      |	2
255							      |	2
255							      |	2
255							      |	2
255							      |	2
254							      |	2
255							      |	2
243							      |	2
168							      |	1
142							      |	1
142							      |	1
150							      |	1
231							      |	2
255							      |	2
252							      |	2
255							      |	2
239							      |	2
175							      |	1
140							      |	1
142							      |	1
152							      |	1
227							      |	2
255							      |	2
246							      |	2
214							      |	2
189							      |	1
194							      |	1
195							      |	1
195							      |	1
194							      |	1
233							      |	2
255							      |	2
253							      |	2
196							      |	1
140							      |	1
143							      |	1
145							      |	1
204							      |	2
255							      |	2
252							      |	2
255							      |	2
255							      |	2
183							      |	1
140							      |	1
143							      |	1
145							      |	1
202							      |	2
255							      |	2
253							      |	2
255							      |	2
255							      |	2
255							      |	2
255							      |	2
255							      |	2
255							      |	2
255							      |	2
255							      |	2
255							      |	2
255							      |	2
255							      |	2
255							      |	2
255							      |	2
255							      |	2
255							      |	2
255							      |	2
255							      |	2
255							      |	2
255							      |	2
255							      |	2
254							      |	2
255							      |	2
243							      |	2
168							      |	1
142							      |	1
142							      |	1
150							      |	1
231							      |	2
255							      |	2
252							      |	2
255							      |	2
239							      |	2
175							      |	1
140							      |	1
142							      |	1
152							      |	1
227							      |	2
255							      |	2
255							      |	2
209							      |	2
152							      |	1
154							      |	1
141							      |	1
139							      |	1
161							      |	1
237							      |	2
255							      |	2
253							      |	2
195							      |	1
140							      |	1
143							      |	1
145							      |	1
204							      |	2
255							      |	2
252							      |	2
255							      |	2
255							      |	2
183							      |	1
140							      |	1
143							      |	1
145							      |	1
202							      |	2
255							      |	2
253							      |	2
255							      |	2
255							      |	2
255							      |	2
255							      |	2
255							      |	2
255							      |	2
255							      |	2
255							      |	2
255							      |	2
255							      |	2
255							      |	2
255							      |	2
255							      |	2
255							      |	2
255							      |	2
255							      |	2
255							      |	2
255							      |	2
255							      |	2
255							      |	2
254							      |	2
255							      |	2
243							      |	2
168							      |	1
142							      |	1
142							      |	1
150							      |	1
231							      |	2
255							      |	2
252							      |	2
255							      |	2
239							      |	2
175							      |	1
140							      |	1
142							      |	1
152							      |	1
227							      |	2
255							      |	2
254							      |	2
253							      |	2
238							      |	2
193							      |	1
149							      |	1
141							      |	1
195							      |	1
255							      |	2
255							      |	2
254							      |	2
195							      |	1
140							      |	1
143							      |	1
145							      |	1
204							      |	2
255							      |	2
252							      |	2
255							      |	2
255							      |	2
183							      |	1
140							      |	1
143							      |	1
145							      |	1
202							      |	2
255							      |	2
253							      |	2
255							      |	2
255							      |	2
255							      |	2
255							      |	2
255							      |	2
255							      |	2
255							      |	2
255							      |	2
255							      |	2
255							      |	2
255							      |	2
255							      |	2
255							      |	2
255							      |	2
255							      |	2
255							      |	2
255							      |	2
255							      |	2
255							      |	2
255							      |	2
254							      |	2
255							      |	2
243							      |	2
168							      |	1
142							      |	1
142							      |	1
150							      |	1
231							      |	2
255							      |	2
252							      |	2
255							      |	2
239							      |	2
175							      |	1
140							      |	1
142							      |	1
152							      |	1
227							      |	2
255							      |	2
254							      |	2
246							      |	2
191							      |	1
146							      |	1
143							      |	1
140							      |	1
196							      |	1
254							      |	2
255							      |	2
254							      |	2
195							      |	1
140							      |	1
143							      |	1
145							      |	1
204							      |	2
255							      |	2
252							      |	2
255							      |	2
255							      |	2
183							      |	1
140							      |	1
143							      |	1
145							      |	1
202							      |	2
255							      |	2
253							      |	2
255							      |	2
255							      |	2
255							      |	2
255							      |	2
255							      |	2
255							      |	2
255							      |	2
255							      |	2
255							      |	2
255							      |	2
255							      |	2
255							      |	2
255							      |	2
255							      |	2
255							      |	2
255							      |	2
255							      |	2
255							      |	2
255							      |	2
255							      |	2
254							      |	2
255							      |	2
243							      |	2
168							      |	1
142							      |	1
142							      |	1
150							      |	1
231							      |	2
255							      |	2
252							      |	2
255							      |	2
239							      |	2
175							      |	1
140							      |	1
142							      |	1
152							      |	1
227							      |	2
255							      |	2
255							      |	2
232							      |	2
151							      |	1
142							      |	1
144							      |	1
140							      |	1
196							      |	1
254							      |	2
255							      |	2
254							      |	2
195							      |	1
140							      |	1
143							      |	1
145							      |	1
204							      |	2
255							      |	2
252							      |	2
255							      |	2
255							      |	2
183							      |	1
140							      |	1
143							      |	1
145							      |	1
202							      |	2
255							      |	2
253							      |	2
255							      |	2
255							      |	2
255							      |	2
255							      |	2
255							      |	2
255							      |	2
255							      |	2
255							      |	2
255							      |	2
255							      |	2
255							      |	2
255							      |	2
255							      |	2
255							      |	2
255							      |	2
255							      |	2
255							      |	2
255							      |	2
255							      |	2
255							      |	2
254							      |	2
255							      |	2
243							      |	2
168							      |	1
142							      |	1
142							      |	1
150							      |	1
231							      |	2
255							      |	2
252							      |	2
255							      |	2
239							      |	2
175							      |	1
140							      |	1
142							      |	1
152							      |	1
227							      |	2
255							      |	2
255							      |	2
232							      |	2
155							      |	1
142							      |	1
144							      |	1
140							      |	1
196							      |	1
254							      |	2
255							      |	2
254							      |	2
195							      |	1
140							      |	1
143							      |	1
145							      |	1
204							      |	2
255							      |	2
252							      |	2
255							      |	2
255							      |	2
183							      |	1
140							      |	1
143							      |	1
145							      |	1
202							      |	2
255							      |	2
253							      |	2
255							      |	2
255							      |	2
255							      |	2
255							      |	2
255							      |	2
255							      |	2
255							      |	2
255							      |	2
255							      |	2
255							      |	2
255							      |	2
255							      |	2
255							      |	2
255							      |	2
255							      |	2
255							      |	2
255							      |	2
255							      |	2
255							      |	2
255							      |	2
254							      |	2
255							      |	2
243							      |	2
168							      |	1
142							      |	1
142							      |	1
150							      |	1
231							      |	2
255							      |	2
252							      |	2
255							      |	2
239							      |	2
175							      |	1
140							      |	1
142							      |	1
152							      |	1
227							      |	2
255							      |	2
255							      |	2
232							      |	2
155							      |	1
142							      |	1
144							      |	1
140							      |	1
196							      |	1
254							      |	2
255							      |	2
254							      |	2
195							      |	1
140							      |	1
143							      |	1
145							      |	1
204							      |	2
255							      |	2
252							      |	2
255							      |	2
255							      |	2
183							      |	1
140							      |	1
143							      |	1
145							      |	1
202							      |	2
255							      |	2
253							      |	2
255							      |	2
255							      |	2
255							      |	2
255							      |	2
255							      |	2
255							      |	2
255							      |	2
255							      |	2
255							      |	2
255							      |	2
255							      |	2
255							      |	2
255							      |	2
255							      |	2
255							      |	2
255							      |	2
255							      |	2
255							      |	2
255							      |	2
255							      |	2
254							      |	2
255							      |	2
243							      |	2
168							      |	1
142							      |	1
142							      |	1
150							      |	1
231							      |	2
255							      |	2
252							      |	2
255							      |	2
239							      |	2
175							      |	1
140							      |	1
142							      |	1
152							      |	1
227							      |	2
255							      |	2
255							      |	2
232							      |	2
155							      |	1
142							      |	1
144							      |	1
140							      |	1
196							      |	1
254							      |	2
255							      |	2
254							      |	2
195							      |	1
140							      |	1
143							      |	1
145							      |	1
204							      |	2
255							      |	2
252							      |	2
255							      |	2
255							      |	2
183							      |	1
140							      |	1
143							      |	1
145							      |	1
202							      |	2
255							      |	2
253							      |	2
255							      |	2
255							      |	2
255							      |	2
255							      |	2
255							      |	2
255							      |	2
255							      |	2
255							      |	2
255							      |	2
255							      |	2
255							      |	2
255							      |	2
255							      |	2
255							      |	2
255							      |	2
255							      |	2
255							      |	2
255							      |	2
255							      |	2
255							      |	2
254							      |	2
255							      |	2
243							      |	2
168							      |	1
142							      |	1
142							      |	1
150							      |	1
231							      |	2
255							      |	2
252							      |	2
255							      |	2
239							      |	2
175							      |	1
140							      |	1
142							      |	1
152							      |	1
227							      |	2
255							      |	2
255							      |	2
231							      |	2
155							      |	1
142							      |	1
144							      |	1
140							      |	1
196							      |	1
254							      |	2
255							      |	2
254							      |	2
195							      |	1
140							      |	1
143							      |	1
145							      |	1
204							      |	2
255							      |	2
252							      |	2
255							      |	2
255							      |	2
183							      |	1
140							      |	1
143							      |	1
145							      |	1
202							      |	2
255							      |	2
253							      |	2
255							      |	2
255							      |	2
255							      |	2
255							      |	2
255							      |	2
255							      |	2
255							      |	2
255							      |	2
255							      |	2
255							      |	2
255							      |	2
255							      |	2
255							      |	2
255							      |	2
255							      |	2
255							      |	2
255							      |	2
255							      |	2
255							      |	2
255							      |	2
254							      |	2
255							      |	2
243							      |	2
168							      |	1
142							      |	1
142							      |	1
150							      |	1
231							      |	2
255							      |	2
252							      |	2
255							      |	2
239							      |	2
175							      |	1
140							      |	1
142							      |	1
152							      |	1
227							      |	2
255							      |	2
255							      |	2
234							      |	2
152							      |	1
142							      |	1
145							      |	1
141							      |	1
193							      |	1
255							      |	2
255							      |	2
254							      |	2
195							      |	1
140							      |	1
143							      |	1
145							      |	1
204							      |	2
255							      |	2
252							      |	2
255							      |	2
255							      |	2
183							      |	1
140							      |	1
143							      |	1
145							      |	1
202							      |	2
255							      |	2
253							      |	2
255							      |	2
255							      |	2
255							      |	2
255							      |	2
255							      |	2
255							      |	2
255							      |	2
255							      |	2
255							      |	2
255							      |	2
255							      |	2
255							      |	2
255							      |	2
255							      |	2
255							      |	2
255							      |	2
255							      |	2
255							      |	2
255							      |	2
255							      |	2
253							      |	2
253							      |	2
243							      |	2
169							      |	1
143							      |	1
143							      |	1
150							      |	1
231							      |	2
255							      |	2
252							      |	2
255							      |	2
239							      |	2
175							      |	1
140							      |	1
142							      |	1
152							      |	1
227							      |	2
255							      |	2
251							      |	2
204							      |	2
140							      |	1
142							      |	1
142							      |	1
142							      |	1
160							      |	1
231							      |	2
255							      |	2
253							      |	2
195							      |	1
140							      |	1
143							      |	1
145							      |	1
204							      |	2
255							      |	2
252							      |	2
255							      |	2
255							      |	2
184							      |	1
141							      |	1
144							      |	1
146							      |	1
202							      |	2
254							      |	2
252							      |	2
255							      |	2
255							      |	2
255							      |	2
255							      |	2
255							      |	2
255							      |	2
255							      |	2
255							      |	2
255							      |	2
255							      |	2
255							      |	2
255							      |	2
255							      |	2
255							      |	2
255							      |	2
255							      |	2
255							      |	2
255							      |	2
255							      |	2
255							      |	2
255							      |	2
255							      |	2
243							      |	2
164							      |	1
142							      |	1
142							      |	1
146							      |	1
230							      |	2
255							      |	2
252							      |	2
255							      |	2
239							      |	2
176							      |	1
140							      |	1
142							      |	1
153							      |	1
227							      |	2
255							      |	2
246							      |	2
193							      |	1
146							      |	1
153							      |	1
151							      |	1
150							      |	1
155							      |	1
220							      |	2
255							      |	2
253							      |	2
196							      |	1
140							      |	1
144							      |	1
145							      |	1
205							      |	2
255							      |	2
252							      |	2
255							      |	2
255							      |	2
181							      |	1
140							      |	1
142							      |	1
146							      |	1
199							      |	1
255							      |	2
255							      |	2
254							      |	2
254							      |	2
254							      |	2
255							      |	2
255							      |	2
255							      |	2
255							      |	2
255							      |	2
255							      |	2
255							      |	2
255							      |	2
255							      |	2
255							      |	2
255							      |	2
255							      |	2
255							      |	2
255							      |	2
255							      |	2
254							      |	2
255							      |	2
235							      |	2
228							      |	2
250							      |	2
204							      |	2
170							      |	1
167							      |	1
184							      |	1
239							      |	2
253							      |	2
252							      |	2
255							      |	2
239							      |	2
174							      |	1
140							      |	1
142							      |	1
151							      |	1
226							      |	2
255							      |	2
252							      |	2
239							      |	2
234							      |	2
234							      |	2
232							      |	2
234							      |	2
235							      |	2
245							      |	2
255							      |	2
254							      |	2
194							      |	1
140							      |	1
143							      |	1
145							      |	1
203							      |	2
255							      |	2
252							      |	2
254							      |	2
253							      |	2
219							      |	2
175							      |	1
175							      |	1
186							      |	1
234							      |	2
254							      |	2
227							      |	2
240							      |	2
255							      |	2
255							      |	2
255							      |	2
255							      |	2
255							      |	2
255							      |	2
255							      |	2
255							      |	2
255							      |	2
255							      |	2
255							      |	2
255							      |	2
255							      |	2
255							      |	2
255							      |	2
255							      |	2
254							      |	2
253							      |	2
255							      |	2
206							      |	2
150							      |	1
188							      |	1
219							      |	2
233							      |	2
245							      |	2
255							      |	2
255							      |	2
255							      |	2
255							      |	2
254							      |	2
242							      |	2
185							      |	1
140							      |	1
142							      |	1
161							      |	1
232							      |	2
254							      |	2
252							      |	2
255							      |	2
255							      |	2
255							      |	2
255							      |	2
255							      |	2
255							      |	2
255							      |	2
253							      |	2
253							      |	2
204							      |	2
142							      |	1
142							      |	1
150							      |	1
211							      |	2
254							      |	2
252							      |	2
255							      |	2
255							      |	2
255							      |	2
255							      |	2
250							      |	2
244							      |	2
223							      |	2
189							      |	1
158							      |	1
223							      |	2
247							      |	2
248							      |	2
255							      |	2
255							      |	2
255							      |	2
255							      |	2
255							      |	2
255							      |	2
255							      |	2
255							      |	2
255							      |	2
255							      |	2
255							      |	2
255							      |	2
255							      |	2
255							      |	2
255							      |	2
255							      |	2
253							      |	2
209							      |	2
138							      |	1
143							      |	1
146							      |	1
164							      |	1
185							      |	1
206							      |	2
224							      |	2
238							      |	2
249							      |	2
255							      |	2
255							      |	2
242							      |	2
226							      |	2
226							      |	2
238							      |	2
255							      |	2
255							      |	2
255							      |	2
255							      |	2
254							      |	2
254							      |	2
254							      |	2
254							      |	2
254							      |	2
255							      |	2
255							      |	2
255							      |	2
247							      |	2
229							      |	2
226							      |	2
233							      |	2
251							      |	2
255							      |	2
255							      |	2
248							      |	2
238							      |	2
223							      |	2
208							      |	2
186							      |	1
164							      |	1
145							      |	1
141							      |	1
144							      |	1
162							      |	1
169							      |	1
168							      |	1
219							      |	2
254							      |	2
255							      |	2
255							      |	2
255							      |	2
255							      |	2
255							      |	2
255							      |	2
255							      |	2
255							      |	2
255							      |	2
255							      |	2
255							      |	2
255							      |	2
241							      |	2
249							      |	2
255							      |	2
232							      |	2
177							      |	1
147							      |	1
143							      |	1
143							      |	1
143							      |	1
143							      |	1
149							      |	1
162							      |	1
174							      |	1
193							      |	1
202							      |	2
213							      |	2
228							      |	2
237							      |	2
240							      |	2
239							      |	2
244							      |	2
244							      |	2
248							      |	2
251							      |	2
251							      |	2
251							      |	2
251							      |	2
251							      |	2
247							      |	2
244							      |	2
243							      |	2
240							      |	2
240							      |	2
235							      |	2
225							      |	2
212							      |	2
203							      |	2
192							      |	1
174							      |	1
163							      |	1
150							      |	1
143							      |	1
143							      |	1
143							      |	1
143							      |	1
144							      |	1
143							      |	1
143							      |	1
143							      |	1
139							      |	1
183							      |	1
249							      |	2
255							      |	2
254							      |	2
255							      |	2
255							      |	2
255							      |	2
255							      |	2
255							      |	2
255							      |	2
255							      |	2
255							      |	2
254							      |	2
255							      |	2
199							      |	1
188							      |	1
236							      |	2
255							      |	2
250							      |	2
215							      |	2
179							      |	1
153							      |	1
143							      |	1
143							      |	1
143							      |	1
142							      |	1
142							      |	1
140							      |	1
142							      |	1
143							      |	1
145							      |	1
147							      |	1
155							      |	1
162							      |	1
169							      |	1
169							      |	1
175							      |	1
180							      |	1
180							      |	1
180							      |	1
180							      |	1
179							      |	1
172							      |	1
169							      |	1
169							      |	1
160							      |	1
153							      |	1
146							      |	1
144							      |	1
143							      |	1
140							      |	1
140							      |	1
142							      |	1
142							      |	1
143							      |	1
143							      |	1
144							      |	1
144							      |	1
143							      |	1
143							      |	1
143							      |	1
144							      |	1
145							      |	1
141							      |	1
187							      |	1
248							      |	2
255							      |	2
254							      |	2
255							      |	2
255							      |	2
255							      |	2
255							      |	2
255							      |	2
255							      |	2
255							      |	2
255							      |	2
253							      |	2
255							      |	2
186							      |	1
144							      |	1
163							      |	1
199							      |	1
233							      |	2
255							      |	2
255							      |	2
233							      |	2
205							      |	2
180							      |	1
159							      |	1
148							      |	1
143							      |	1
143							      |	1
143							      |	1
143							      |	1
143							      |	1
143							      |	1
143							      |	1
143							      |	1
142							      |	1
142							      |	1
142							      |	1
142							      |	1
142							      |	1
142							      |	1
142							      |	1
142							      |	1
142							      |	1
142							      |	1
142							      |	1
143							      |	1
143							      |	1
143							      |	1
143							      |	1
143							      |	1
143							      |	1
144							      |	1
144							      |	1
144							      |	1
143							      |	1
143							      |	1
143							      |	1
143							      |	1
143							      |	1
143							      |	1
143							      |	1
143							      |	1
144							      |	1
141							      |	1
184							      |	1
248							      |	2
255							      |	2
254							      |	2
255							      |	2
255							      |	2
255							      |	2
255							      |	2
255							      |	2
255							      |	2
255							      |	2
255							      |	2
253							      |	2
255							      |	2
209							      |	2
144							      |	1
141							      |	1
143							      |	1
159							      |	1
188							      |	1
216							      |	2
244							      |	2
255							      |	2
255							      |	2
246							      |	2
226							      |	2
207							      |	2
188							      |	1
174							      |	1
161							      |	1
150							      |	1
147							      |	1
144							      |	1
143							      |	1
143							      |	1
143							      |	1
143							      |	1
143							      |	1
143							      |	1
143							      |	1
143							      |	1
143							      |	1
143							      |	1
143							      |	1
144							      |	1
148							      |	1
148							      |	1
143							      |	1
143							      |	1
143							      |	1
143							      |	1
143							      |	1
143							      |	1
143							      |	1
143							      |	1
143							      |	1
143							      |	1
143							      |	1
143							      |	1
143							      |	1
143							      |	1
144							      |	1
143							      |	1
137							      |	1
197							      |	1
252							      |	2
254							      |	2
255							      |	2
255							      |	2
255							      |	2
255							      |	2
255							      |	2
255							      |	2
255							      |	2
255							      |	2
255							      |	2
254							      |	2
255							      |	2
246							      |	2
203							      |	2
148							      |	1
141							      |	1
142							      |	1
142							      |	1
145							      |	1
159							      |	1
181							      |	1
204							      |	2
225							      |	2
241							      |	2
253							      |	2
255							      |	2
250							      |	2
245							      |	2
240							      |	2
230							      |	2
218							      |	2
210							      |	2
203							      |	2
198							      |	1
190							      |	1
190							      |	1
191							      |	1
191							      |	1
192							      |	1
190							      |	1
193							      |	1
198							      |	1
196							      |	1
190							      |	1
168							      |	1
143							      |	1
143							      |	1
143							      |	1
143							      |	1
143							      |	1
143							      |	1
143							      |	1
143							      |	1
143							      |	1
143							      |	1
143							      |	1
144							      |	1
143							      |	1
143							      |	1
142							      |	1
141							      |	1
188							      |	1
241							      |	2
255							      |	2
254							      |	2
255							      |	2
255							      |	2
255							      |	2
255							      |	2
255							      |	2
255							      |	2
255							      |	2
255							      |	2
255							      |	2
255							      |	2
255							      |	2
255							      |	2
254							      |	2
225							      |	2
183							      |	1
149							      |	1
140							      |	1
142							      |	1
142							      |	1
143							      |	1
143							      |	1
147							      |	1
158							      |	1
167							      |	1
181							      |	1
196							      |	1
208							      |	2
219							      |	2
226							      |	2
230							      |	2
231							      |	2
237							      |	2
239							      |	2
239							      |	2
235							      |	2
230							      |	2
229							      |	2
223							      |	2
213							      |	2
201							      |	2
187							      |	1
169							      |	1
156							      |	1
145							      |	1
143							      |	1
143							      |	1
143							      |	1
143							      |	1
143							      |	1
143							      |	1
143							      |	1
144							      |	1
144							      |	1
143							      |	1
142							      |	1
142							      |	1
140							      |	1
147							      |	1
175							      |	1
219							      |	2
249							      |	2
255							      |	2
254							      |	2
255							      |	2
255							      |	2
255							      |	2
255							      |	2
255							      |	2
255							      |	2
255							      |	2
255							      |	2
255							      |	2
255							      |	2
255							      |	2
255							      |	2
254							      |	2
255							      |	2
255							      |	2
250							      |	2
230							      |	2
202							      |	2
169							      |	1
152							      |	1
141							      |	1
140							      |	1
141							      |	1
143							      |	1
142							      |	1
143							      |	1
143							      |	1
143							      |	1
143							      |	1
145							      |	1
149							      |	1
150							      |	1
156							      |	1
157							      |	1
157							      |	1
154							      |	1
149							      |	1
148							      |	1
143							      |	1
143							      |	1
143							      |	1
143							      |	1
143							      |	1
143							      |	1
143							      |	1
144							      |	1
144							      |	1
144							      |	1
144							      |	1
143							      |	1
142							      |	1
143							      |	1
141							      |	1
140							      |	1
141							      |	1
151							      |	1
168							      |	1
199							      |	1
225							      |	2
249							      |	2
255							      |	2
255							      |	2
254							      |	2
255							      |	2
255							      |	2
255							      |	2
255							      |	2
255							      |	2
255							      |	2
255							      |	2
255							      |	2
255							      |	2
255							      |	2
255							      |	2
255							      |	2
255							      |	2
255							      |	2
255							      |	2
253							      |	2
255							      |	2
255							      |	2
255							      |	2
246							      |	2
226							      |	2
212							      |	2
193							      |	1
172							      |	1
159							      |	1
151							      |	1
143							      |	1
140							      |	1
141							      |	1
141							      |	1
141							      |	1
141							      |	1
143							      |	1
143							      |	1
143							      |	1
143							      |	1
143							      |	1
143							      |	1
143							      |	1
143							      |	1
143							      |	1
143							      |	1
143							      |	1
143							      |	1
143							      |	1
141							      |	1
141							      |	1
141							      |	1
141							      |	1
140							      |	1
143							      |	1
149							      |	1
157							      |	1
172							      |	1
192							      |	1
211							      |	2
225							      |	2
245							      |	2
255							      |	2
255							      |	2
255							      |	2
253							      |	2
254							      |	2
255							      |	2
255							      |	2
255							      |	2
255							      |	2
255							      |	2
255							      |	2
255							      |	2
255							      |	2
255							      |	2
255							      |	2
255							      |	2
255							      |	2
255							      |	2
255							      |	2
255							      |	2
255							      |	2
255							      |	2
254							      |	2
253							      |	2
254							      |	2
255							      |	2
255							      |	2
255							      |	2
254							      |	2
246							      |	2
235							      |	2
219							      |	2
211							      |	2
205							      |	2
193							      |	1
184							      |	1
177							      |	1
170							      |	1
160							      |	1
157							      |	1
157							      |	1
153							      |	1
152							      |	1
152							      |	1
152							      |	1
151							      |	1
151							      |	1
152							      |	1
156							      |	1
156							      |	1
159							      |	1
170							      |	1
176							      |	1
183							      |	1
192							      |	1
203							      |	2
210							      |	2
219							      |	2
234							      |	2
245							      |	2
253							      |	2
255							      |	2
255							      |	2
255							      |	2
254							      |	2
253							      |	2
254							      |	2
255							      |	2
255							      |	2
255							      |	2
255							      |	2
255							      |	2
255							      |	2
255							      |	2
255							      |	2
255							      |	2
255							      |	2
255							      |	2
255							      |	2
255							      |	2
255							      |	2
255							      |	2
255							      |	2
255							      |	2
255							      |	2
255							      |	2
255							      |	2
255							      |	2
255							      |	2
254							      |	2
253							      |	2
253							      |	2
255							      |	2
255							      |	2
255							      |	2
255							      |	2
255							      |	2
255							      |	2
253							      |	2
248							      |	2
244							      |	2
241							      |	2
238							      |	2
234							      |	2
233							      |	2
224							      |	2
222							      |	2
222							      |	2
222							      |	2
222							      |	2
222							      |	2
224							      |	2
233							      |	2
234							      |	2
238							      |	2
242							      |	2
244							      |	2
248							      |	2
253							      |	2
255							      |	2
255							      |	2
255							      |	2
255							      |	2
255							      |	2
255							      |	2
253							      |	2
253							      |	2
254							      |	2
255							      |	2
255							      |	2
255							      |	2
255							      |	2
255							      |	2
255							      |	2
255							      |	2
255							      |	2
255							      |	2
255							      |	2
255							      |	2
255							      |	2
255							      |	2
